00
295,14,251,227
0,28,108,185
385,291,246,223
410,436,265,242
627,382,228,235
826,439,234,246
587,610,263,221
699,742,207,153
863,627,258,207
901,340,274,216
01
17,0,283,276
26,279,256,281
285,103,231,251
253,335,193,234
307,59,220,136
407,264,123,192
02
104,92,445,463
531,146,399,413
730,387,282,373
301,483,433,430
2,344,285,414
03
130,154,336,343
04
357,207,248,231
530,292,241,254
456,31,209,191
598,102,198,226
286,139,172,108
172,191,180,206
98,233,96,125
28,353,212,216
3,515,176,201
172,555,202,214
375,557,185,176
231,397,203,226
452,421,189,215
653,459,146,176
658,598,131,126
05
81,60,214,215
129,14,176,135
06
230,427,269,264
393,205,223,280
579,133,243,294
751,278,248,237
710,384,216,264
499,464,241,248
308,620,209,283
528,661,220,257
756,595,216,280
07
29,167,784,678
08
324,29,103,112
219,53,108,110
168,137,103,110
223,213,91,103
306,128,92,95
394,150,116,108
318,215,102,102
273,287,104,99
126,269,107,104
09
269,144,268,278
89,228,275,264
10
316,80,259,260
170,108,178,205
132,66,179,139
128,237,116,123
449,285,170,183
219,314,165,133
11
94,6,88,88
10,15,81,81
185,11,43,86
22,91,86,70
12
114,237,365,507
306,2,284,267
593,2,300,204
842,80,312,331
425,172,369,329
714,303,329,372
1051,328,246,347
1162,637,140,227
776,616,376,251
423,488,350,378
3,618,420,249
9,162,191,293
13
503,404,107,74
460,361,82,71
401,305,70,75
351,343,68,72
420,408,69,63
444,449,79,29
337,414,68,62
278,361,74,73
280,307,74,64
239,363,57,73
262,432,84,45
164,232,99,75
14
235,49,293,227
347,247,234,267
77,260,296,234
15
138,118,88,98
101,129,53,69
78,197,58,59
124,188,80,83
124,271,92,84
206,207,93,80
208,280,69,69
285,244,76,84
313,190,87,93
404,188,84,94
372,140,84,66
445,256,94,96
362,269,77,74
471,197,47,65
16
237,112,270,371
424,274,334,368
763,269,313,397
17
492,173,116,108
389,221,116,124
349,277,105,101
484,278,126,124
506,367,105,72
403,375,117,108
317,424,134,129
187,393,113,116
224,469,95,133
294,553,140,122
120,621,117,68
18
119,28,148,144
19
157,167,202,195
465,163,180,172
588,100,147,171
430,10,107,129
273,91,154,146
140,33,148,140
295,14,112,80
20
687,94,312,362
910,285,283,270
678,3,272,222
544,340,281,289
216,278,341,287
749,443,321,324
525,611,241,185
236,530,314,247
21
32,113,184,177
217,111,179,195
629,267,170,173
368,207,172,166
368,101,117,107
537,391,147,180
396,351,195,199
228,359,147,146
99,418,146,146
45,290,176,143
22
1,136,148,147
155,141,158,153
282,174,121,137
139,276,141,95
23
318,283,348,252
122,289,298,230
569,445,275,265
614,176,285,267
850,176,253,257
796,503,201,189
308,488,164,103
24
254,269,386,388
0,183,285,276
80,592,369,173
454,643,351,122
571,359,245,298
821,392,199,373
715,230,236,185
1,1,113,241
96,12,146,190
269,72,237,242
313,1,243,131
483,47,333,333
546,1,255,190
731,3,249,219
849,124,172,210
179,368,131,236